0,310
0,305
0,308
0,307
0,302
0,304
0,303
0,12
0,10
0,8
0,0
0,415
0,491
0,300
0,470
0,412
0,299
0,560
0,383
0,298
0,382
0,411
0,297
0,428
0,410
0,296
0,435
0,409
0,295
0,529
0,375
0,294
0,434
0,407
0,293
0,528
0,414
0,292
0,549
0,427
0,291
0,444
0,404
0,290
0,565
0,455
0,289
0,548
0,288
0,420
0,403
0,287
0,361
0,402
0,286
0,430
0,401
0,285
0,527
0,476
0,284
0,526
0,544
0,283
0,525
0,429
0,282
0,564
0,488
0,281
0,524
0,471
0,280
0,487
0,394
0,279
0,393
0,278
0,391
0,538
0,277
0,472
0,388
0,276
0,562
0,536
0,275
0,465
0,387
0,274
0,386
0,273
0,569
0,385
0,272
0,482
0,413
0,271
0,568
0,384
0,270
0,523
0,422
0,269
0,543
0,369
0,268
0,418
0,381
0,267
0,522
0,368
0,266
0,566
0,344
0,265
0,421
0,380
0,264
0,486
0,379
0,263
0,573
0,378
0,262
0,475
0,261
0,360
0,377
0,260
0,521
0,334
0,259
0,473
0,345
0,258
0,417
0,374
0,257
0,520
0,333
0,256
0,541
0,350
0,255
0,330
0,373
0,254
0,372
0,253
0,463
0,371
0,252
0,563
0,329
0,251
0,370
0,250
0,466
0,405
0,249
0,518
0,399
0,248
0,561
0,367
0,247
0,540
0,483
0,246
0,515
0,395
0,245
0,478
0,366
0,244
0,477
0,365
0,242
0,559
0,364
0,241
0,457
0,363
0,240
0,514
0,505
0,239
0,557
0,351
1,3
1,1
0,474
451,0
0,496
451,3
451,1
451,5
0,519
451,4
452,0
452,3
0,570
452,1
2,2
2,4
2,6
3,0
3,3
448,1
448,2
450,0
450,1
450,3
451,2
453,0
453,2
453,3
454,1
454,2
454,4
455,1
455,2
456,0
456,1
456,3
457,0
457,1
457,3
457,4
458,1
458,2
458,4
460,1
460,2
460,4
462,0
462,2
462,4
465,0
465,2
465,3
468,0
468,1
468,3
468,5
468,6
470,1
470,2
470,4
471,1
471,2
473,0
473,1
473,3
473,4
476,1
476,3
476,4
477,0
477,1
477,3
477,2
476,5
476,2
476,0
473,2
471,3
471,0
470,3
470,0
468,4
468,2
465,4
465,1
462,3
462,1
460,3
460,0
458,3
458,0
457,2
456,4
456,2
455,3
455,0
454,3
454,0
453,1
452,2
450,2
448,3
448,0
3,1
2,5
0,574
0,572
0,558
0,535
0,499
0,497
0,494
0,467
0,408
1,0
0,322
0,319
2,1
2,3
0,318
2,0
0,243
0,9
0,362
0,238
0,459
0,485
0,237
0,539
0,504
0,236
0,469
0,359
0,235
0,537
0,454
0,234
0,419
0,458
0,233
0,517
0,358
0,232
0,451
0,357
0,231
0,503
0,356
0,230
0,468
0,355
0,229
0,464
0,354
0,228
0,448
0,353
0,227
0,509
0,479
0,226
0,400
0,352
0,225
0,453
0,450
0,224
0,508
0,571
0,223
0,406
0,349
0,222
0,484
0,452
0,221
0,507
0,516
0,220
0,461
0,348
0,219
0,545
0,347
0,218
0,542
0,346
0,217
0,506
0,376
0,216
0,449
0,215
0,511
0,343
0,214
0,556
0,342
0,213
0,397
0,341
0,212
0,553
0,340
0,211
0,500
0,339
0,210
0,551
0,338
0,209
0,547
0,337
0,208
0,336
0,207
0,445
0,493
0,206
0,392
0,335
0,205
0,442
0,546
0,204
0,441
0,534
0,203
0,533
0,332
0,202
0,512
0,438
0,201
0,532
0,396
0,200
0,481
0,331
0,199
0,437
0,510
0,198
0,436
0,567
0,197
0,502
0,328
0,196
0,552
0,501
0,195
0,531
0,555
0,194
0,554
0,327
0,193
0,498
0,326
0,192
0,462
0,325
0,63
0,440
0,324
0,62
0,495
0,323
0,61
0,550
0,513
0,321
0,60
0,492
0,426
0,59
0,443
0,447
0,320
0,58
0,425
0,490
0,57
0,424
0,398
0,56
0,416
0,317
0,55
0,530
0,439
0,54
0,431
0,446
0,423
0,53
0,433
0,316
0,52
0,460
0,315
0,51
0,390
0,314
0,50
0,456
0,313
0,49
0,489
0,312
0,48
0,389
0,311
0,47
0,575
0,309
0,46
0,432
0,306
0,45
0,480
0,301
0,6
0,5
0,1
0,11
0,4
0,2
0,3
0,7
